10
101
1000
1111
10001
10100
11011
11110
100000
100111
101010
101101
110011
110110
111001
111100
1000001
1000100
1001011
1001110
1010000
1010111
1011010
1011101
1100011
1100110
1101001
1101100
1110010
1110101
1111000
1111111
10000000
10000111
10001010
10001101
10010011
10010110
10011001
10011100
10100010
10100101
10101000
10101111
10110001
10110100
10111011
10111110
11000011
11000110
11001001
11001100
11010010
11010101
11011000
11011111
11100001
11100100
11101011
11101110
11110000
11110111
11111010
11111101
100000001
100000100
100001011
100001110
100010000
100010111
100011010
100011101
100100011
100100110
100101001
100101100
100110010
100110101
100111000
100111111
101000000
101000111
101001010
101001101
101010011
101010110
101011001
101011100
101100010
101100101
101101000
101101111
101110001
101110100
101111011
101111110
110000011
110000110
110001001
110001100
110010010
110010101
110011000
110011111
110100001
110100100
110101011
110101110
110110000
110110111
110111010
110111101
111000010
111000101
111001000
111001111
111010001
111010100
111011011
111011110
111100000
111100111
111101010
111101101
111110011
111110110
111111001
111111100