11
110
1001
1100
10010
10101
11000
11111
100001
100100
101011
101110
110000
110111
111010
111101
1000010
1000101
1001000
1001111
1010001
1010100
1011011
1011110
1100000
1100111
1101010
1101101
1110011
1110110
1111001
1111100
10000001
10000100
10001011
10001110
10010000
10010111
10011010
10011101
10100011
10100110
10101001
10101100
10110010
10110101
10111000
10111111
11000000
11000111
11001010
11001101
11010011
11010110
11011001
11011100
11100010
11100101
11101000
11101111
11110001
11110100
11111011
11111110
100000010
100000101
100001000
100001111
100010001
100010100
100011011
100011110
100100000
100100111
100101010
100101101
100110011
100110110
100111001
100111100
101000001
101000100
101001011
101001110
101010000
101010111
101011010
101011101
101100011
101100110
101101001
101101100
101110010
101110101
101111000
101111111
110000000
110000111
110001010
110001101
110010011
110010110
110011001
110011100
110100010
110100101
110101000
110101111
110110001
110110100
110111011
110111110
111000011
111000110
111001001
111001100
111010010
111010101
111011000
111011111
111100001
111100100
111101011
111101110
111110000
111110111
111111010
111111101