1
100
1011
1110
10000
10111
11010
11101
100011
100110
101001
101100
110010
110101
111000
111111
1000000
1000111
1001010
1001101
1010011
1010110
1011001
1011100
1100010
1100101
1101000
1101111
1110001
1110100
1111011
1111110
10000011
10000110
10001001
10001100
10010010
10010101
10011000
10011111
10100001
10100100
10101011
10101110
10110000
10110111
10111010
10111101
11000010
11000101
11001000
11001111
11010001
11010100
11011011
11011110
11100000
11100111
11101010
11101101
11110011
11110110
11111001
11111100
100000000
100000111
100001010
100001101
100010011
100010110
100011001
100011100
100100010
100100101
100101000
100101111
100110001
100110100
100111011
100111110
101000011
101000110
101001001
101001100
101010010
101010101
101011000
101011111
101100001
101100100
101101011
101101110
101110000
101110111
101111010
101111101
110000010
110000101
110001000
110001111
110010001
110010100
110011011
110011110
110100000
110100111
110101010
110101101
110110011
110110110
110111001
110111100
111000001
111000100
111001011
111001110
111010000
111010111
111011010
111011101
111100011
111100110
111101001
111101100
111110010
111110101
111111000
111111111