0
111
1010
1101
10011
10110
11001
11100
100010
100101
101000
101111
110001
110100
111011
111110
1000011
1000110
1001001
1001100
1010010
1010101
1011000
1011111
1100001
1100100
1101011
1101110
1110000
1110111
1111010
1111101
10000010
10000101
10001000
10001111
10010001
10010100
10011011
10011110
10100000
10100111
10101010
10101101
10110011
10110110
10111001
10111100
11000001
11000100
11001011
11001110
11010000
11010111
11011010
11011101
11100011
11100110
11101001
11101100
11110010
11110101
11111000
11111111
100000011
100000110
100001001
100001100
100010010
100010101
100011000
100011111
100100001
100100100
100101011
100101110
100110000
100110111
100111010
100111101
101000010
101000101
101001000
101001111
101010001
101010100
101011011
101011110
101100000
101100111
101101010
101101101
101110011
101110110
101111001
101111100
110000001
110000100
110001011
110001110
110010000
110010111
110011010
110011101
110100011
110100110
110101001
110101100
110110010
110110101
110111000
110111111
111000000
111000111
111001010
111001101
111010011
111010110
111011001
111011100
111100010
111100101
111101000
111101111
111110001
111110100
111111011
111111110